0 0.614630 0.755110 0.065556 0.091111
1 0.763854 0.907089 0.062222 0.077778
1 0.765765 0.739322 0.070000 0.097778
1 0.787553 0.656114 0.071111 0.077778
1 0.696766 0.432253 0.064444 0.102222
1 0.776634 0.140493 0.063333 0.135556
1 0.523557 0.729027 0.067778 0.097778
1 0.498265 0.546657 0.056667 0.102222
1 0.243747 0.597402 0.065556 0.108889
1 0.393374 0.471603 0.055556 0.100000
1 0.361824 0.391420 0.061111 0.113333
1 0.168665 0.270298 0.058889 0.113333
1 0.037604 0.235093 0.074444 0.137778
1 0.097228 0.112105 0.068889 0.131111
1 0.141196 0.057916 0.070000 0.102222