1 0.540854 0.746267 0.062222 0.066667
1 0.614842 0.716801 0.057778 0.066667
1 0.671524 0.682948 0.043333 0.068889
1 0.645900 0.646883 0.051111 0.064444
1 0.677485 0.608058 0.040000 0.057778
1 0.712397 0.634601 0.028889 0.057778
1 0.788626 0.606096 0.051111 0.060000
1 0.756504 0.711662 0.054444 0.062222
1 0.716543 0.781071 0.067778 0.057778
1 0.871453 0.836180 0.073333 0.060000
1 0.979569 0.655432 0.037778 0.077778
1 0.968301 0.449409 0.053333 0.086667
1 0.880818 0.469782 0.060000 0.088889
1 0.625575 0.562654 0.064444 0.071111
1 0.518694 0.652156 0.067778 0.080000