0 0.618890 0.747190 0.065556 0.091111
1 0.770605 0.888961 0.062222 0.077778
1 0.769670 0.721160 0.070000 0.097778
1 0.790034 0.636522 0.071111 0.077778
1 0.695504 0.418947 0.064444 0.102222
1 0.770379 0.121939 0.063333 0.135556
1 0.527426 0.727297 0.067778 0.097778
1 0.499057 0.546748 0.056667 0.102222
1 0.245545 0.614725 0.065556 0.108889
1 0.392954 0.478851 0.055556 0.100000
1 0.360062 0.400853 0.061111 0.113333
1 0.164961 0.292901 0.058889 0.113333
1 0.035300 0.266604 0.070601 0.137778
1 0.090883 0.139643 0.068889 0.131111
1 0.133907 0.082503 0.070000 0.102222