1 0.544694 0.743585 0.062222 0.066667
1 0.618184 0.709495 0.057778 0.066667
1 0.674307 0.672105 0.043333 0.068889
1 0.648130 0.637665 0.051111 0.064444
1 0.679091 0.596878 0.040000 0.057778
1 0.714403 0.621219 0.028889 0.057778
1 0.790147 0.587950 0.051111 0.060000
1 0.759695 0.695477 0.054444 0.062222
1 0.720842 0.767358 0.067778 0.057778
1 0.876539 0.812729 0.073333 0.060000
1 0.981440 0.625291 0.037119 0.077778
1 0.967278 0.420076 0.053333 0.086667
1 0.880157 0.445924 0.060000 0.088889
1 0.626495 0.554751 0.064444 0.071111
1 0.521070 0.650909 0.067778 0.080000