1 0.532599 0.751143 0.062222 0.066667
1 0.607401 0.731555 0.057778 0.066667
1 0.665081 0.705295 0.043333 0.068889
1 0.640708 0.665911 0.051111 0.064444
1 0.673511 0.631360 0.040000 0.057778
1 0.707467 0.662475 0.028889 0.057778
1 0.784473 0.644144 0.051111 0.060000
1 0.748921 0.745217 0.054444 0.062222
1 0.706747 0.809173 0.067778 0.057778
1 0.859488 0.884707 0.073333 0.060000
1 0.973360 0.718696 0.037778 0.077778
1 0.968948 0.511633 0.053333 0.086667
1 0.880982 0.520358 0.060000 0.088889
1 0.623221 0.579171 0.064444 0.071111
1 0.513608 0.654300 0.067778 0.080000