0 0.613441 0.757229 0.065556 0.091111
1 0.761952 0.911973 0.062222 0.077778
1 0.764642 0.744249 0.070000 0.097778
1 0.786815 0.661449 0.071111 0.077778
1 0.697072 0.435911 0.064444 0.102222
1 0.778292 0.145648 0.063333 0.135556
1 0.522492 0.729454 0.067778 0.097778
1 0.498049 0.546623 0.056667 0.102222
1 0.243305 0.592637 0.065556 0.108889
1 0.393510 0.469623 0.055556 0.100000
1 0.362334 0.388857 0.061111 0.113333
1 0.169746 0.264152 0.058889 0.113333
1 0.038855 0.226514 0.074444 0.137778
1 0.099047 0.104639 0.068889 0.131111
1 0.143265 0.051269 0.070000 0.102222