1 0.540326 0.746615 0.062222 0.066667
1 0.614376 0.717784 0.057778 0.066667
1 0.671130 0.684418 0.043333 0.068889
1 0.645584 0.648134 0.051111 0.064444
1 0.677251 0.609580 0.040000 0.057778
1 0.712107 0.636422 0.028889 0.057778
1 0.788396 0.608572 0.051111 0.060000
1 0.756047 0.713861 0.054444 0.062222
1 0.715938 0.782927 0.067778 0.057778
1 0.870728 0.839365 0.073333 0.060000
1 0.979232 0.659546 0.037778 0.077778
1 0.968406 0.453428 0.053333 0.086667
1 0.880879 0.473051 0.060000 0.088889
1 0.625440 0.563731 0.064444 0.071111
1 0.518368 0.652315 0.067778 0.080000