0 0.618186 0.748535 0.065556 0.091111
1 0.769497 0.892026 0.062222 0.077778
1 0.769038 0.724218 0.070000 0.097778
1 0.789642 0.639813 0.071111 0.077778
1 0.695731 0.421168 0.064444 0.102222
1 0.771448 0.125014 0.063333 0.135556
1 0.526781 0.727605 0.067778 0.097778
1 0.498925 0.546736 0.056667 0.102222
1 0.245224 0.611834 0.065556 0.108889
1 0.393015 0.477636 0.055556 0.100000
1 0.360346 0.399266 0.061111 0.113333
1 0.165554 0.289101 0.058889 0.113333
1 0.035635 0.261311 0.071271 0.137778
1 0.091912 0.135005 0.068889 0.131111
1 0.135098 0.078354 0.070000 0.102222