0 0.611723 0.760218 0.065556 0.091111
1 0.759195 0.918891 0.062222 0.077778
1 0.762998 0.751252 0.070000 0.097778
1 0.785718 0.669049 0.071111 0.077778
1 0.697480 0.441148 0.064444 0.102222
1 0.780619 0.153067 0.063333 0.135556
1 0.520967 0.730031 0.067778 0.097778
1 0.497739 0.546567 0.056667 0.102222
1 0.242713 0.585815 0.065556 0.108889
1 0.393721 0.466799 0.055556 0.100000
1 0.363084 0.385212 0.061111 0.113333
1 0.171340 0.255406 0.058889 0.113333
1 0.040710 0.214296 0.074444 0.137778
1 0.101706 0.094030 0.068889 0.131111
1 0.146274 0.046475 0.070000 0.092949