1 0.531360 0.751773 0.062222 0.066667
1 0.606255 0.733660 0.057778 0.066667
1 0.664062 0.708537 0.043333 0.068889
1 0.639885 0.668675 0.051111 0.064444
1 0.672856 0.634772 0.040000 0.057778
1 0.706657 0.666554 0.028889 0.057778
1 0.783749 0.649740 0.051111 0.060000
1 0.747701 0.750108 0.054444 0.062222
1 0.705214 0.813231 0.067778 0.057778
1 0.857576 0.891770 0.073333 0.060000
1 0.972260 0.728010 0.037778 0.077778
1 0.968868 0.520869 0.053333 0.086667
1 0.880863 0.527861 0.060000 0.088889
1 0.622825 0.581595 0.064444 0.071111
1 0.512848 0.654561 0.067778 0.080000