0 0.612403 0.759045 0.065556 0.091111
1 0.760288 0.916172 0.062222 0.077778
1 0.763652 0.748496 0.070000 0.097778
1 0.786157 0.666055 0.071111 0.077778
1 0.697324 0.439082 0.064444 0.102222
1 0.779707 0.150134 0.063333 0.135556
1 0.521569 0.729809 0.067778 0.097778
1 0.497861 0.546590 0.056667 0.102222
1 0.242941 0.588507 0.065556 0.108889
1 0.393636 0.467912 0.055556 0.100000
1 0.362785 0.386647 0.061111 0.113333
1 0.170705 0.258850 0.058889 0.113333
1 0.039969 0.219108 0.074444 0.137778
1 0.100649 0.098205 0.068889 0.131111
1 0.145080 0.048329 0.070000 0.096659