0 0.611368 0.760826 0.065556 0.091111
1 0.758623 0.920303 0.062222 0.077778
1 0.762654 0.752685 0.070000 0.097778
1 0.785487 0.670606 0.071111 0.077778
1 0.697560 0.442225 0.064444 0.102222
1 0.781091 0.154598 0.063333 0.135556
1 0.520654 0.730145 0.067778 0.097778
1 0.497676 0.546554 0.056667 0.102222
1 0.242597 0.584412 0.065556 0.108889
1 0.393767 0.466220 0.055556 0.100000
1 0.363241 0.384466 0.061111 0.113333
1 0.171675 0.253615 0.058889 0.113333
1 0.041102 0.211793 0.074444 0.137778
1 0.102261 0.091860 0.068889 0.131111
1 0.146900 0.045511 0.070000 0.091022