1 0.526114 0.754157 0.062222 0.066667
1 0.601320 0.742270 0.057778 0.066667
1 0.659597 0.721962 0.043333 0.068889
1 0.636268 0.680129 0.051111 0.064444
1 0.669913 0.648990 0.040000 0.057778
1 0.703026 0.683548 0.028889 0.057778
1 0.780401 0.673141 0.051111 0.060000
1 0.742303 0.770433 0.054444 0.062222
1 0.698544 0.829979 0.067778 0.057778
1 0.849147 0.921085 0.073333 0.060000
1 0.967127 0.766976 0.037778 0.077778
1 0.968032 0.559732 0.053333 0.086667
1 0.879958 0.559420 0.060000 0.088889
1 0.621028 0.591710 0.064444 0.071111
1 0.509632 0.655493 0.067778 0.080000