1 0.542007 0.745490 0.062222 0.066667
1 0.615854 0.714637 0.057778 0.066667
1 0.672375 0.679723 0.043333 0.068889
1 0.646582 0.644141 0.051111 0.064444
1 0.677983 0.604724 0.040000 0.057778
1 0.713019 0.630611 0.028889 0.057778
1 0.789111 0.600678 0.051111 0.060000
1 0.757485 0.706842 0.054444 0.062222
1 0.717852 0.776998 0.067778 0.057778
1 0.873013 0.829199 0.073333 0.060000
1 0.980277 0.646431 0.037778 0.077778
1 0.968044 0.440629 0.053333 0.086667
1 0.880659 0.462642 0.060000 0.088889
1 0.625863 0.560296 0.064444 0.071111
1 0.519407 0.651798 0.067778 0.080000