1 0.531143 0.751881 0.062222 0.066667
1 0.606053 0.734027 0.057778 0.066667
1 0.663881 0.709104 0.043333 0.068889
1 0.639739 0.669158 0.051111 0.064444
1 0.672739 0.635369 0.040000 0.057778
1 0.706512 0.667269 0.028889 0.057778
1 0.783619 0.650721 0.051111 0.060000
1 0.747484 0.750964 0.054444 0.062222
1 0.704943 0.813940 0.067778 0.057778
1 0.857237 0.893006 0.073333 0.060000
1 0.972062 0.729643 0.037778 0.077778
1 0.968849 0.522491 0.053333 0.086667
1 0.880838 0.529179 0.060000 0.088889
1 0.622755 0.582019 0.064444 0.071111
1 0.512714 0.654605 0.067778 0.080000