0 0.616468 0.751758 0.065556 0.091111
1 0.766779 0.899392 0.062222 0.077778
1 0.767472 0.731587 0.070000 0.097778
1 0.788655 0.647756 0.071111 0.077778
1 0.696254 0.426552 0.064444 0.102222
1 0.773998 0.132506 0.063333 0.135556
1 0.525215 0.728319 0.067778 0.097778
1 0.498604 0.546703 0.056667 0.102222
1 0.244480 0.604825 0.065556 0.108889
1 0.393179 0.474699 0.055556 0.100000
1 0.361051 0.395439 0.061111 0.113333
1 0.167034 0.279933 0.058889 0.113333
1 0.036477 0.248534 0.072954 0.137778
1 0.094458 0.123829 0.068889 0.131111
1 0.138028 0.068370 0.070000 0.102222