1 0.536667 0.748889 0.062222 0.066667
1 0.611111 0.724444 0.057778 0.066667
1 0.668333 0.694444 0.043333 0.068889
1 0.643333 0.656667 0.051111 0.064444
1 0.675556 0.620000 0.040000 0.057778
1 0.710000 0.648889 0.028889 0.057778
1 0.786667 0.625556 0.051111 0.060000
1 0.752778 0.728889 0.054444 0.062222
1 0.711667 0.795556 0.067778 0.057778
1 0.865556 0.861111 0.073333 0.060000
1 0.976667 0.687778 0.037778 0.077778
1 0.968889 0.481111 0.053333 0.086667
1 0.881111 0.495556 0.060000 0.088889
1 0.624444 0.571111 0.064444 0.071111
1 0.516111 0.653333 0.067778 0.080000