0 0.913333 0.533333 0.097778 0.106667
1 0.676111 0.633333 0.101111 0.080000
1 0.782778 0.936667 0.078889 0.064444
1 0.865556 0.945556 0.077778 0.055556
1 0.546667 0.915556 0.082222 0.071111
1 0.362778 0.768889 0.074444 0.080000
1 0.466111 0.685556 0.087778 0.077778
1 0.545556 0.706667 0.071111 0.080000
1 0.607222 0.690000 0.050000 0.073333
1 0.567222 0.601111 0.094444 0.064444
1 0.418333 0.590000 0.090000 0.073333
1 0.207222 0.878889 0.076667 0.068889
1 0.096111 0.720000 0.087778 0.057778
1 0.081111 0.638889 0.064444 0.068889
1 0.131111 0.576667 0.075556 0.077778