1 0.063333 0.525556 0.073333 0.073333
1 0.037222 0.591111 0.067778 0.071111
1 0.116667 0.673333 0.095556 0.075556
1 0.167222 0.533333 0.078889 0.080000
1 0.228889 0.514444 0.071111 0.073333
1 0.200556 0.285556 0.063333 0.068889
1 0.337778 0.511111 0.071111 0.066667
1 0.432778 0.442222 0.076667 0.062222
1 0.384444 0.238889 0.057778 0.060000
1 0.596111 0.326667 0.074444 0.075556
1 0.892778 0.350000 0.074444 0.068889
1 0.922222 0.453333 0.084444 0.075556
1 0.766667 0.843333 0.117778 0.082222
1 0.460556 0.952222 0.105556 0.077778