0 0.615000 0.754444 0.065556 0.091111
1 0.764444 0.905556 0.062222 0.077778
1 0.766111 0.737778 0.070000 0.097778
1 0.787778 0.654444 0.071111 0.077778
1 0.696667 0.431111 0.064444 0.102222
1 0.776111 0.138889 0.063333 0.135556
1 0.523889 0.728889 0.067778 0.097778
1 0.498333 0.546667 0.056667 0.102222
1 0.243889 0.598889 0.065556 0.108889
1 0.393333 0.472222 0.055556 0.100000
1 0.361667 0.392222 0.061111 0.113333
1 0.168333 0.272222 0.058889 0.113333
1 0.037222 0.237778 0.074444 0.137778
1 0.096667 0.114444 0.068889 0.131111
1 0.140556 0.060000 0.070000 0.102222