0 0.575556 0.493333 0.051111 0.115556
1 0.646111 0.460000 0.041111 0.088889
1 0.682778 0.486667 0.032222 0.080000
1 0.713333 0.504444 0.026667 0.084444
1 0.748333 0.521111 0.032222 0.086667
1 0.783889 0.541111 0.043333 0.108889
1 0.776667 0.441111 0.042222 0.077778
1 0.770556 0.368889 0.047778 0.062222
1 0.765556 0.317778 0.031111 0.044444
1 0.730000 0.355556 0.033333 0.044444
1 0.744444 0.434444 0.026667 0.068889
1 0.707222 0.388889 0.038889 0.062222
1 0.715000 0.446667 0.034444 0.048889
1 0.680000 0.423333 0.031111 0.042222